19
23
27
31
35
39
43
46
50
53
57
59
63
67
71
74
77
79
83
87
89
92
95
98
101
103
106
109
111
113
116
119
121
123
125
127
127
131
135
137
140
143
145
147
150
153
155
157
159
161
163
166
167
170
172
174
175
177
179
181
183
183
185
187
188
189
190
191
193
195
196
198
199
199
201
201
203
203
204
204
205
205
206
206
206
206
207
204
203
201
200
198
197
196
195
195
194
193
193
192
192
192
192
190
189
188
187
186
185
184
184
183
182
182
181
181
180
180
179
179
179
178
178
178
178
177
177
177
177
177
177
176
176
176
176
176
176
176
0
